best pattern=3,2,4
shared0=3293.712733 shared1=3305.928533
sep0=1471.054400 sep1=1438.266400
ratio0=2.239014908853 ratio1=2.298550903597
score=0.148550903597
